28 0.332812 0.781054 0.33125 0.783563 0.329688 0.783563 0.328125 0.786073 0.328125 0.788582 0.329688 0.791092 0.329688 0.79611 0.328125 0.79862 0.328125 0.816186 0.326562 0.818695 0.326562 0.828733 0.325 0.831242 0.325 0.836261 0.323438 0.83877 0.321875 0.83877 0.320312 0.84128 0.317187 0.84128 0.315625 0.843789 0.314063 0.843789 0.314063 0.846299 0.309375 0.853827 0.309375 0.863864 0.310937 0.866374 0.329688 0.866374 0.33125 0.868883 0.339063 0.868883 0.340625 0.866374 0.345313 0.866374 0.346875 0.863864 0.348437 0.866374 0.357812 0.866374 0.359375 0.863864 0.365625 0.863864 0.367188 0.861355 0.373437 0.861355 0.375 0.858846 0.38125 0.858846 0.382812 0.856336 0.3875 0.856336 0.389062 0.853827 0.390625 0.853827 0.392188 0.851317 0.395312 0.851317 0.396875 0.848808 0.401563 0.848808 0.404687 0.843789 0.40625 0.843789 0.407813 0.84128 0.409375 0.84128 0.410937 0.83877 0.415625 0.83877 0.417188 0.836261 0.41875 0.836261 0.423438 0.828733 0.425 0.828733 0.43125 0.818695 0.432813 0.818695 0.434375 0.816186 0.435937 0.816186 0.439063 0.811167 0.44375 0.811167 0.445312 0.813676 0.446875 0.813676 0.448438 0.811167 0.453125 0.811167 0.454688 0.808657 0.45625 0.808657 0.457812 0.806148 0.457812 0.79611 0.45625 0.793601 0.45625 0.791092 0.454688 0.788582 0.454688 0.786073 0.453125 0.783563 0.451562 0.783563 0.45 0.781054
NEXT
16 0.78125 0.306775 0.779688 0.309285 0.771875 0.309285 0.770312 0.311794 0.770312 0.334379 0.76875 0.336888 0.76875 0.346926 0.770312 0.349435 0.770312 0.351945 0.771875 0.354454 0.771875 0.356964 0.773438 0.359473 0.773438 0.364492 0.779688 0.374529 0.779688 0.377039 0.78125 0.379548 0.78125 0.382058 0.782812 0.384567 0.782812 0.419699 0.78125 0.422208 0.78125 0.434755 0.782812 0.437265 0.782812 0.45734 0.78125 0.459849 0.78125 0.462359 0.782812 0.464868 0.789062 0.454831 0.792188 0.454831 0.79375 0.452321 0.795313 0.452321 0.796875 0.449812 0.803125 0.449812 0.803125 0.447302 0.804688 0.444793 0.804688 0.437265 0.80625 0.434755 0.80625 0.422208 0.807813 0.419699 0.8125 0.419699 0.814062 0.422208 0.815625 0.419699 0.815625 0.392095 0.817187 0.389586 0.817187 0.344417 0.8125 0.336888 0.8125 0.334379 0.809375 0.32936 0.807813 0.32936 0.804688 0.324341 0.804688 0.321832 0.803125 0.319322 0.798437 0.319322 0.796875 0.316813 0.795313 0.316813 0.790625 0.309285 0.785937 0.309285 0.784375 0.306775
NEXT
13 0.775 0.301757 0.773438 0.304266 0.775 0.306775 0.775 0.334379 0.770312 0.341907 0.770312 0.344417 0.76875 0.346926 0.76875 0.354454 0.770312 0.356964 0.770312 0.359473 0.775 0.367001 0.776563 0.367001 0.78125 0.374529 0.78125 0.379548 0.782812 0.382058 0.782812 0.399624 0.78125 0.402133 0.78125 0.447302 0.779688 0.449812 0.779688 0.462359 0.778125 0.464868 0.778125 0.467378 0.776563 0.469887 0.776563 0.479925 0.778125 0.477415 0.778125 0.464868 0.779688 0.462359 0.782812 0.462359 0.784375 0.459849 0.784375 0.45734 0.785937 0.454831 0.785937 0.452321 0.7875 0.449812 0.7875 0.447302 0.79375 0.437265 0.795313 0.437265 0.796875 0.434755 0.8 0.434755 0.801562 0.432246 0.809375 0.432246 0.814062 0.439774 0.814062 0.442284 0.814062 0.432246 0.815625 0.429737 0.815625 0.37202 0.817187 0.369511 0.817187 0.344417 0.815625 0.341907 0.815625 0.339398 0.809375 0.32936 0.807813 0.32936 0.801562 0.319322 0.796875 0.319322 0.790625 0.309285 0.7875 0.309285 0.784375 0.304266 0.782812 0.304266 0.78125 0.301757
NEXT
58 0.590625 0.409661 0.5875 0.41468 0.5875 0.454831 0.589063 0.45734 0.589063 0.459849 0.590625 0.462359 0.592188 0.459849 0.595312 0.459849 0.598437 0.454831 0.598437 0.41468 0.595312 0.409661
NEXT
57 0.782812 0.492472 0.782812 0.510038 0.78125 0.512547 0.78125 0.517566 0.782812 0.520075 0.782812 0.557716 0.78125 0.560226 0.78125 0.582811 0.782812 0.58532 0.782812 0.597867 0.784375 0.600376 0.784375 0.602886 0.7875 0.602886 0.789062 0.605395 0.790625 0.602886 0.792188 0.602886 0.792188 0.595358 0.795313 0.590339 0.795313 0.587829 0.796875 0.58532 0.796875 0.577792 0.798437 0.575282 0.798437 0.567754 0.8 0.565245 0.8 0.560226 0.801562 0.557716 0.801562 0.525094 0.8 0.522585 0.8 0.5 0.798437 0.497491 0.798437 0.492472
NEXT
30 0.665625 0.259097 0.664062 0.261606 0.6625 0.261606 0.659375 0.266625 0.657812 0.266625 0.65625 0.269134 0.653125 0.269134 0.651563 0.271644 0.65 0.271644 0.65 0.274153 0.648438 0.276662 0.646875 0.276662 0.645312 0.279172 0.64375 0.279172 0.6375 0.28921 0.635938 0.28921 0.632812 0.294228 0.632812 0.296738 0.63125 0.299247 0.63125 0.301757 0.625 0.311794 0.625 0.314304 0.620313 0.321832 0.620313 0.324341 0.61875 0.326851 0.61875 0.382058 0.621875 0.387077 0.6625 0.387077 0.664062 0.389586 0.665625 0.389586 0.670313 0.397114 0.684375 0.397114 0.692187 0.384567 0.692187 0.33187 0.690625 0.32936 0.690625 0.319322 0.6875 0.314304 0.6875 0.309285 0.685938 0.306775 0.685938 0.291719 0.684375 0.28921 0.684375 0.2867 0.68125 0.281681 0.68125 0.279172 0.679688 0.276662 0.679688 0.266625 0.678125 0.264115 0.678125 0.261606 0.675 0.261606 0.673437 0.259097
NEXT
51 0.790625 0.439774 0.7875 0.444793 0.7875 0.459849 0.789062 0.462359 0.789062 0.464868 0.792188 0.469887 0.79375 0.469887 0.798437 0.477415 0.798437 0.479925 0.8 0.482434 0.8 0.487453 0.801562 0.489962 0.801562 0.494981 0.804688 0.5 0.804688 0.502509 0.80625 0.505019 0.809375 0.505019 0.809375 0.502509 0.810938 0.5 0.810938 0.492472 0.8125 0.489962 0.8125 0.487453 0.814062 0.484944 0.814062 0.467378 0.8125 0.464868 0.8125 0.459849 0.810938 0.45734 0.810938 0.452321 0.803125 0.439774
NEXT
41 0.753125 0.570264 0.751562 0.572773 0.75 0.572773 0.75 0.575282 0.746875 0.580301 0.74375 0.580301 0.739062 0.587829 0.7375 0.587829 0.735937 0.590339 0.734375 0.590339 0.732813 0.592848 0.73125 0.592848 0.728125 0.597867 0.725 0.597867 0.723437 0.600376 0.720312 0.600376 0.715625 0.607905 0.714063 0.607905 0.7125 0.610414 0.709375 0.610414 0.707812 0.612923 0.70625 0.612923 0.70625 0.615433 0.704687 0.617942 0.703125 0.617942 0.701563 0.620452 0.696875 0.620452 0.690625 0.630489 0.685938 0.630489 0.684375 0.632999 0.682813 0.632999 0.678125 0.640527 0.676562 0.640527 0.675 0.643036 0.675 0.645546 0.671875 0.650565 0.66875 0.650565 0.667188 0.653074 0.664062 0.653074 0.664062 0.655583 0.6625 0.658093 0.660937 0.658093 0.659375 0.660602 0.657812 0.660602 0.65625 0.663112 0.65625 0.665621 0.653125 0.67064 0.646875 0.67064 0.640625 0.680678 0.6375 0.680678 0.635938 0.683187 0.634375 0.683187 0.629687 0.690715 0.626562 0.690715 0.625 0.693225 0.623438 0.693225 0.614062 0.708281 0.6125 0.708281 0.610937 0.71079 0.609375 0.71079 0.607813 0.7133 0.607813 0.718319 0.609375 0.720828 0.615625 0.720828 0.617188 0.718319 0.625 0.718319 0.626562 0.715809 0.628125 0.715809 0.629687 0.7133 0.629687 0.71079 0.63125 0.708281 0.632812 0.708281 0.634375 0.705772 0.635938 0.705772 0.639063 0.700753 0.640625 0.700753 0.642187 0.698243 0.64375 0.698243 0.645312 0.695734 0.646875 0.695734 0.651563 0.688206 0.653125 0.688206 0.654688 0.685696 0.654688 0.683187 0.657812 0.678168 0.660937 0.678168 0.6625 0.675659 0.664062 0.675659 0.670313 0.665621 0.671875 0.665621 0.676562 0.658093 0.679688 0.658093 0.68125 0.655583 0.682813 0.655583 0.685938 0.650565 0.6875 0.650565 0.689062 0.648055 0.690625 0.648055 0.696875 0.638018 0.7 0.638018 0.701563 0.635508 0.703125 0.635508 0.707812 0.62798 0.7125 0.62798 0.714063 0.625471 0.715625 0.625471 0.720312 0.617942 0.721875 0.617942 0.723437 0.615433 0.725 0.615433 0.728125 0.610414 0.729688 0.610414 0.732813 0.605395 0.734375 0.605395 0.7375 0.600376 0.739062 0.600376 0.740625 0.597867 0.742188 0.597867 0.74375 0.595358 0.745313 0.595358 0.748438 0.590339 0.75 0.590339 0.751562 0.587829 0.753125 0.587829 0.75625 0.582811 0.75625 0.580301 0.759375 0.575282 0.757812 0.572773 0.754687 0.572773
NEXT
65 0.69375 0.389586 0.692187 0.392095 0.690625 0.392095 0.685938 0.399624 0.682813 0.399624 0.68125 0.402133 0.68125 0.404642 0.682813 0.407152 0.690625 0.407152 0.695312 0.399624 0.696875 0.399624 0.698438 0.397114 0.701563 0.397114 0.703125 0.394605 0.703125 0.392095 0.701563 0.392095 0.7 0.389586
NEXT
5 0.720312 0.392095 0.720312 0.394605 0.717188 0.399624 0.707812 0.399624 0.70625 0.402133 0.704687 0.402133 0.7 0.409661 0.69375 0.409661 0.692187 0.412171 0.689062 0.412171 0.6875 0.41468 0.685938 0.41468 0.68125 0.422208 0.68125 0.424718 0.678125 0.429737 0.675 0.429737 0.673437 0.432246 0.660937 0.432246 0.659375 0.434755 0.65625 0.434755 0.654688 0.437265 0.653125 0.437265 0.651563 0.439774 0.645312 0.439774 0.64375 0.442284 0.639063 0.442284 0.6375 0.444793 0.634375 0.444793 0.63125 0.449812 0.629687 0.449812 0.628125 0.452321 0.620313 0.452321 0.61875 0.454831 0.617188 0.454831 0.615625 0.45734 0.609375 0.45734 0.607813 0.459849 0.607813 0.469887 0.60625 0.472396 0.60625 0.482434 0.607813 0.484944 0.607813 0.507528 0.610937 0.512547 0.610937 0.517566 0.609375 0.520075 0.609375 0.535132 0.610937 0.537641 0.610937 0.565245 0.6125 0.567754 0.6125 0.612923 0.610937 0.615433 0.610937 0.620452 0.609375 0.622961 0.609375 0.643036 0.610937 0.645546 0.610937 0.653074 0.6125 0.655583 0.6125 0.685696 0.610937 0.688206 0.610937 0.698243 0.614062 0.703262 0.615625 0.703262 0.617188 0.700753 0.620313 0.700753 0.621875 0.698243 0.625 0.698243 0.629687 0.690715 0.63125 0.690715 0.632812 0.688206 0.634375 0.688206 0.635938 0.685696 0.6375 0.685696 0.639063 0.683187 0.640625 0.683187 0.645312 0.675659 0.646875 0.675659 0.651563 0.668131 0.653125 0.668131 0.654688 0.665621 0.654688 0.663112 0.657812 0.658093 0.660937 0.658093 0.6625 0.655583 0.664062 0.655583 0.66875 0.648055 0.670313 0.648055 0.676562 0.638018 0.679688 0.638018 0.68125 0.635508 0.682813 0.635508 0.6875 0.62798 0.689062 0.62798 0.695312 0.617942 0.696875 0.617942 0.698438 0.615433 0.7 0.615433 0.701563 0.612923 0.701563 0.610414 0.704687 0.605395 0.704687 0.600376 0.701563 0.595358 0.701563 0.582811 0.703125 0.580301 0.703125 0.572773 0.707812 0.565245 0.709375 0.565245 0.710938 0.562735 0.710938 0.560226 0.7125 0.557716 0.7125 0.54266 0.714063 0.540151 0.714063 0.532622 0.715625 0.530113 0.715625 0.502509 0.717188 0.5 0.717188 0.494981 0.71875 0.492472 0.71875 0.487453 0.720312 0.484944 0.720312 0.482434 0.71875 0.479925 0.71875 0.474906 0.717188 0.472396 0.717188 0.462359 0.715625 0.459849 0.714063 0.459849 0.7125 0.462359 0.710938 0.462359 0.709375 0.464868 0.703125 0.464868 0.701563 0.462359 0.7 0.462359 0.698438 0.459849 0.696875 0.459849 0.69375 0.454831 0.69375 0.452321 0.696875 0.447302 0.696875 0.444793 0.698438 0.442284 0.698438 0.439774 0.703125 0.432246 0.703125 0.424718 0.709375 0.41468 0.710938 0.41468 0.717188 0.404642 0.720312 0.404642
NEXT
31 0.546875 0.610414 0.54375 0.615433 0.545313 0.617942 0.545313 0.620452 0.55 0.620452 0.551562 0.617942 0.553125 0.620452 0.557813 0.620452 0.560938 0.625471 0.5625 0.625471 0.564062 0.62798 0.565625 0.62798 0.571875 0.638018 0.575 0.638018 0.576563 0.640527 0.578125 0.640527 0.579687 0.643036 0.579687 0.645546 0.58125 0.648055 0.582812 0.648055 0.5875 0.655583 0.5875 0.660602 0.589063 0.663112 0.589063 0.665621 0.590625 0.665621 0.592188 0.668131 0.592188 0.67064 0.59375 0.673149 0.59375 0.675659 0.595312 0.678168 0.596875 0.678168 0.598437 0.675659 0.6 0.675659 0.6 0.668131 0.598437 0.665621 0.598437 0.632999 0.592188 0.622961 0.592188 0.615433 0.589063 0.610414
NEXT
57 0.532812 0.690715 0.53125 0.693225 0.525 0.693225 0.523438 0.695734 0.523438 0.71079 0.525 0.7133 0.523438 0.715809 0.523438 0.718319 0.521875 0.720828 0.51875 0.720828 0.517187 0.718319 0.515625 0.718319 0.509375 0.728356 0.509375 0.730866 0.507812 0.733375 0.507812 0.745922 0.50625 0.748432 0.50625 0.846299 0.507812 0.848808 0.548437 0.848808 0.55 0.846299 0.553125 0.846299 0.557813 0.83877 0.559375 0.83877 0.560938 0.836261 0.560938 0.833752 0.5625 0.831242 0.5625 0.828733 0.567187 0.821205 0.567187 0.818695 0.571875 0.811167 0.571875 0.806148 0.573438 0.803639 0.573438 0.801129 0.576563 0.79611 0.576563 0.793601 0.578125 0.791092 0.578125 0.786073 0.579687 0.783563 0.579687 0.781054 0.582812 0.776035 0.582812 0.771016 0.584375 0.768507 0.584375 0.718319 0.582812 0.715809 0.582812 0.7133 0.58125 0.71079 0.58125 0.705772 0.579687 0.703262 0.579687 0.700753 0.575 0.693225 0.573438 0.693225 0.571875 0.690715
NEXT
33 0.664062 0.259097 0.6625 0.261606 0.660937 0.261606 0.657812 0.266625 0.65625 0.266625 0.654688 0.269134 0.653125 0.269134 0.651563 0.271644 0.65 0.271644 0.645312 0.279172 0.64375 0.279172 0.639063 0.2867 0.6375 0.2867 0.632812 0.294228 0.632812 0.296738 0.63125 0.299247 0.63125 0.301757 0.625 0.311794 0.625 0.314304 0.620313 0.321832 0.620313 0.324341 0.61875 0.326851 0.61875 0.377039 0.620313 0.379548 0.620313 0.384567 0.625 0.384567 0.626562 0.387077 0.664062 0.387077 0.670313 0.397114 0.682813 0.397114 0.690625 0.384567 0.690625 0.336888 0.689062 0.334379 0.689062 0.326851 0.6875 0.324341 0.6875 0.311794 0.685938 0.309285 0.685938 0.291719 0.684375 0.28921 0.684375 0.2867 0.682813 0.284191 0.682813 0.281681 0.68125 0.279172 0.68125 0.276662 0.679688 0.274153 0.679688 0.264115 0.676562 0.259097
NEXT
15 0.765625 0.572773 0.760938 0.580301 0.759375 0.580301 0.757812 0.582811 0.757812 0.587829 0.75625 0.590339 0.75625 0.615433 0.757812 0.617942 0.757812 0.620452 0.759375 0.622961 0.760938 0.622961 0.7625 0.625471 0.764063 0.625471 0.765625 0.62798 0.78125 0.62798 0.782812 0.625471 0.784375 0.625471 0.7875 0.620452 0.789062 0.620452 0.790625 0.617942 0.792188 0.617942 0.796875 0.610414 0.796875 0.607905 0.798437 0.605395 0.798437 0.587829 0.796875 0.58532 0.789062 0.597867 0.778125 0.597867 0.776563 0.595358 0.775 0.595358 0.76875 0.58532 0.76875 0.580301 0.767187 0.577792 0.767187 0.575282
NEXT
14 0.764063 0.356964 0.7625 0.359473 0.760938 0.359473 0.759375 0.361982 0.757812 0.361982 0.75625 0.364492 0.75625 0.367001 0.754687 0.369511 0.753125 0.369511 0.75 0.374529 0.745313 0.374529 0.74375 0.377039 0.735937 0.377039 0.734375 0.379548 0.729688 0.379548 0.728125 0.382058 0.723437 0.382058 0.721875 0.384567 0.720312 0.384567 0.71875 0.387077 0.717188 0.387077 0.715625 0.389586 0.714063 0.389586 0.7125 0.392095 0.710938 0.392095 0.703125 0.404642 0.703125 0.412171 0.704687 0.41468 0.707812 0.41468 0.717188 0.429737 0.717188 0.432246 0.71875 0.434755 0.71875 0.447302 0.715625 0.452321 0.715625 0.454831 0.714063 0.45734 0.714063 0.459849 0.7125 0.462359 0.7125 0.467378 0.717188 0.474906 0.717188 0.477415 0.71875 0.479925 0.71875 0.532622 0.717188 0.535132 0.717188 0.540151 0.715625 0.54266 0.715625 0.547679 0.714063 0.550188 0.714063 0.557716 0.715625 0.560226 0.715625 0.562735 0.717188 0.565245 0.717188 0.567754 0.71875 0.570264 0.71875 0.572773 0.720312 0.575282 0.720312 0.592848 0.721875 0.592848 0.725 0.587829 0.729688 0.587829 0.73125 0.58532 0.734375 0.58532 0.7375 0.580301 0.739062 0.580301 0.740625 0.577792 0.742188 0.577792 0.746875 0.570264 0.748438 0.570264 0.751562 0.565245 0.753125 0.565245 0.753125 0.562735 0.754687 0.560226 0.754687 0.555207 0.75625 0.552698 0.75625 0.545169 0.757812 0.54266 0.757812 0.537641 0.759375 0.535132 0.759375 0.532622 0.760938 0.530113 0.760938 0.527604 0.7625 0.525094 0.7625 0.522585 0.764063 0.520075 0.764063 0.515056 0.765625 0.512547 0.765625 0.507528 0.767187 0.505019 0.767187 0.472396 0.76875 0.469887 0.76875 0.467378 0.771875 0.462359 0.771875 0.459849 0.773438 0.45734 0.773438 0.454831 0.775 0.452321 0.775 0.447302 0.776563 0.444793 0.776563 0.432246 0.778125 0.429737 0.778125 0.417189 0.779688 0.41468 0.776563 0.409661 0.76875 0.409661 0.765625 0.404642 0.765625 0.392095 0.767187 0.389586 0.767187 0.387077 0.770312 0.382058 0.771875 0.382058 0.776563 0.374529 0.776563 0.37202 0.775 0.369511 0.775 0.364492 0.770312 0.356964
NEXT
22 0.682813 0.251568 0.68125 0.254078 0.68125 0.274153 0.682813 0.276662 0.682813 0.279172 0.685938 0.284191 0.685938 0.2867 0.6875 0.28921 0.6875 0.301757 0.689062 0.304266 0.689062 0.306775 0.692187 0.311794 0.692187 0.316813 0.69375 0.319322 0.69375 0.361982 0.701563 0.374529 0.701563 0.382058 0.703125 0.382058 0.703125 0.379548 0.704687 0.377039 0.704687 0.374529 0.70625 0.37202 0.70625 0.356964 0.704687 0.354454 0.704687 0.321832 0.703125 0.319322 0.703125 0.314304 0.7 0.309285 0.7 0.306775 0.698438 0.304266 0.698438 0.294228 0.692187 0.284191 0.692187 0.271644 0.6875 0.264115 0.6875 0.254078 0.685938 0.251568
NEXT
7 0.570312 0.419699 0.56875 0.422208 0.567187 0.422208 0.560938 0.432246 0.560938 0.434755 0.559375 0.437265 0.557813 0.437265 0.55625 0.439774 0.554688 0.439774 0.553125 0.442284 0.551562 0.442284 0.548437 0.447302 0.546875 0.447302 0.545313 0.449812 0.54375 0.449812 0.539062 0.45734 0.539062 0.459849 0.5375 0.462359 0.5375 0.464868 0.535937 0.467378 0.534375 0.467378 0.532812 0.469887 0.529688 0.469887 0.528125 0.472396 0.526563 0.472396 0.515625 0.489962 0.514063 0.489962 0.5125 0.492472 0.510938 0.492472 0.50625 0.5 0.504687 0.5 0.503125 0.502509 0.501562 0.502509 0.496875 0.510038 0.49375 0.510038 0.492188 0.512547 0.490625 0.512547 0.485938 0.520075 0.482812 0.520075 0.476562 0.530113 0.475 0.530113 0.473437 0.532622 0.471875 0.532622 0.46875 0.537641 0.467187 0.537641 0.465625 0.540151 0.464063 0.540151 0.457812 0.550188 0.45625 0.550188 0.448438 0.562735 0.448438 0.565245 0.45 0.567754 0.471875 0.567754 0.476562 0.575282 0.476562 0.577792 0.479688 0.582811 0.479688 0.600376 0.478125 0.602886 0.478125 0.605395 0.476562 0.607905 0.476562 0.610414 0.475 0.612923 0.475 0.625471 0.473437 0.62798 0.473437 0.630489 0.470313 0.635508 0.470313 0.648055 0.471875 0.650565 0.471875 0.653074 0.473437 0.655583 0.479688 0.655583 0.48125 0.653074 0.482812 0.653074 0.484375 0.650565 0.4875 0.650565 0.489062 0.648055 0.517187 0.648055 0.51875 0.645546 0.521875 0.645546 0.525 0.640527 0.526563 0.640527 0.528125 0.638018 0.529688 0.638018 0.5375 0.625471 0.5375 0.622961 0.539062 0.620452 0.540625 0.620452 0.548437 0.607905 0.55 0.607905 0.551562 0.605395 0.553125 0.605395 0.557813 0.597867 0.559375 0.597867 0.560938 0.595358 0.564062 0.595358 0.565625 0.592848 0.571875 0.592848 0.573438 0.595358 0.576563 0.595358 0.578125 0.597867 0.582812 0.597867 0.589063 0.607905 0.590625 0.607905 0.595312 0.615433 0.595312 0.617942 0.596875 0.620452 0.596875 0.622961 0.6 0.62798 0.6 0.630489 0.601562 0.632999 0.601562 0.648055 0.603125 0.650565 0.603125 0.655583 0.604688 0.655583 0.60625 0.653074 0.604688 0.650565 0.604688 0.643036 0.603125 0.640527 0.603125 0.630489 0.607813 0.622961 0.607813 0.620452 0.609375 0.617942 0.609375 0.597867 0.610937 0.595358 0.610937 0.532622 0.609375 0.530113 0.609375 0.527604 0.607813 0.525094 0.60625 0.527604 0.604688 0.527604 0.603125 0.530113 0.596875 0.530113 0.592188 0.522585 0.59375 0.520075 0.59375 0.512547 0.596875 0.507528 0.598437 0.507528 0.6 0.505019 0.601562 0.505019 0.603125 0.502509 0.604688 0.502509 0.60625 0.505019 0.607813 0.505019 0.607813 0.502509 0.609375 0.5 0.609375 0.482434 0.607813 0.479925 0.607813 0.477415 0.60625 0.474906 0.60625 0.469887 0.604688 0.467378 0.604688 0.464868 0.603125 0.462359 0.590625 0.462359 0.589063 0.459849 0.5875 0.459849 0.585938 0.45734 0.584375 0.45734 0.582812 0.454831 0.582812 0.449812 0.58125 0.447302 0.58125 0.444793 0.582812 0.442284 0.582812 0.439774 0.584375 0.437265 0.584375 0.432246 0.585938 0.429737 0.585938 0.422208 0.584375 0.419699
NEXT
4 0.564062 0.429737 0.559375 0.437265 0.557813 0.437265 0.55625 0.439774 0.553125 0.439774 0.551562 0.442284 0.55 0.442284 0.548437 0.444793 0.546875 0.444793 0.54375 0.449812 0.542188 0.449812 0.540625 0.452321 0.539062 0.452321 0.539062 0.454831 0.5375 0.45734 0.5375 0.462359 0.534375 0.467378 0.532812 0.467378 0.53125 0.469887 0.528125 0.469887 0.515625 0.489962 0.5125 0.489962 0.507812 0.497491 0.50625 0.497491 0.504687 0.5 0.503125 0.5 0.496875 0.510038 0.495313 0.510038 0.49375 0.512547 0.492188 0.512547 0.490625 0.515056 0.489062 0.515056 0.485938 0.520075 0.484375 0.520075 0.482812 0.522585 0.48125 0.522585 0.48125 0.525094 0.479688 0.527604 0.478125 0.527604 0.476562 0.530113 0.475 0.530113 0.473437 0.532622 0.471875 0.532622 0.467187 0.540151 0.465625 0.540151 0.464063 0.54266 0.4625 0.54266 0.45625 0.552698 0.454688 0.552698 0.448438 0.562735 0.448438 0.565245 0.45 0.567754 0.465625 0.567754 0.467187 0.570264 0.471875 0.570264 0.473437 0.572773 0.473437 0.575282 0.476562 0.580301 0.476562 0.582811 0.478125 0.58532 0.478125 0.590339 0.479688 0.592848 0.479688 0.595358 0.478125 0.597867 0.478125 0.600376 0.476562 0.602886 0.476562 0.610414 0.475 0.612923 0.475 0.62798 0.473437 0.630489 0.473437 0.632999 0.471875 0.635508 0.471875 0.640527 0.470313 0.643036 0.470313 0.645546 0.471875 0.648055 0.471875 0.653074 0.475 0.658093 0.478125 0.658093 0.48125 0.653074 0.482812 0.653074 0.484375 0.650565 0.4875 0.650565 0.489062 0.648055 0.509375 0.648055 0.5125 0.653074 0.515625 0.653074 0.517187 0.650565 0.51875 0.650565 0.520312 0.648055 0.521875 0.648055 0.523438 0.645546 0.525 0.645546 0.529688 0.638018 0.53125 0.638018 0.542188 0.620452 0.542188 0.617942 0.546875 0.610414 0.548437 0.610414 0.55 0.607905 0.551562 0.607905 0.557813 0.597867 0.559375 0.597867 0.560938 0.595358 0.5625 0.595358 0.564062 0.592848 0.571875 0.592848 0.573438 0.595358 0.575 0.595358 0.576563 0.597867 0.58125 0.597867 0.582812 0.600376 0.584375 0.600376 0.589063 0.607905 0.590625 0.607905 0.595312 0.615433 0.595312 0.620452 0.596875 0.622961 0.596875 0.625471 0.6 0.630489 0.6 0.635508 0.601562 0.638018 0.601562 0.653074 0.603125 0.655583 0.603125 0.660602 0.604688 0.658093 0.607813 0.658093 0.607813 0.650565 0.60625 0.648055 0.60625 0.645546 0.604688 0.643036 0.604688 0.630489 0.60625 0.62798 0.60625 0.625471 0.609375 0.620452 0.609375 0.572773 0.610937 0.570264 0.610937 0.532622 0.609375 0.530113 0.609375 0.527604 0.607813 0.525094 0.60625 0.527604 0.603125 0.527604 0.601562 0.530113 0.6 0.527604 0.595312 0.527604 0.59375 0.525094 0.59375 0.515056 0.596875 0.510038 0.598437 0.510038 0.6 0.507528 0.601562 0.507528 0.603125 0.505019 0.607813 0.505019 0.607813 0.502509 0.609375 0.5 0.609375 0.479925 0.607813 0.477415 0.607813 0.472396 0.60625 0.469887 0.60625 0.464868 0.604688 0.462359 0.603125 0.462359 0.601562 0.459849 0.5875 0.459849 0.582812 0.452321 0.582812 0.439774 0.584375 0.437265 0.584375 0.432246 0.58125 0.432246 0.579687 0.429737
NEXT
32 0.446875 0.570264 0.445312 0.572773 0.44375 0.572773 0.440625 0.577792 0.439063 0.577792 0.4375 0.580301 0.432813 0.580301 0.428125 0.587829 0.425 0.587829 0.423438 0.590339 0.407813 0.590339 0.40625 0.592848 0.404687 0.592848 0.403125 0.595358 0.401563 0.595358 0.4 0.597867 0.398438 0.597867 0.396875 0.600376 0.382812 0.600376 0.378125 0.607905 0.375 0.607905 0.373437 0.610414 0.357812 0.610414 0.35625 0.612923 0.353125 0.612923 0.351562 0.615433 0.35 0.615433 0.348437 0.617942 0.346875 0.617942 0.345313 0.620452 0.34375 0.620452 0.342187 0.622961 0.340625 0.622961 0.335938 0.630489 0.335938 0.632999 0.33125 0.640527 0.33125 0.643036 0.329688 0.645546 0.329688 0.648055 0.325 0.655583 0.325 0.658093 0.321875 0.663112 0.321875 0.665621 0.320312 0.668131 0.320312 0.683187 0.321875 0.685696 0.323438 0.685696 0.325 0.688206 0.326562 0.688206 0.328125 0.690715 0.329688 0.690715 0.33125 0.693225 0.33125 0.695734 0.332812 0.695734 0.334375 0.698243 0.360938 0.698243 0.3625 0.695734 0.36875 0.695734 0.370313 0.698243 0.371875 0.695734 0.378125 0.695734 0.379687 0.693225 0.382812 0.693225 0.384375 0.690715 0.389062 0.690715 0.390625 0.688206 0.407813 0.688206 0.409375 0.685696 0.4125 0.685696 0.414062 0.683187 0.415625 0.683187 0.417188 0.680678 0.423438 0.680678 0.425 0.678168 0.44375 0.678168 0.445312 0.675659 0.446875 0.675659 0.448438 0.673149 0.45 0.673149 0.453125 0.668131 0.45625 0.668131 0.457812 0.665621 0.459375 0.665621 0.464063 0.658093 0.465625 0.658093 0.465625 0.655583 0.467187 0.653074 0.467187 0.638018 0.46875 0.635508 0.46875 0.630489 0.471875 0.625471 0.471875 0.622961 0.473437 0.620452 0.473437 0.610414 0.475 0.607905 0.475 0.602886 0.476562 0.600376 0.476562 0.597867 0.478125 0.595358 0.478125 0.580301 0.473437 0.572773 0.471875 0.572773 0.470313 0.570264
NEXT
59 0.657812 0.191343 0.65625 0.193852 0.65625 0.20138 0.657812 0.20389 0.657812 0.206399 0.659375 0.206399 0.659375 0.20389 0.660937 0.20138 0.660937 0.193852 0.659375 0.191343
NEXT
42 0.246875 0.592848 0.246875 0.595358 0.248437 0.597867 0.248437 0.602886 0.25 0.605395 0.25 0.622961 0.248437 0.625471 0.248437 0.62798 0.246875 0.630489 0.246875 0.632999 0.245312 0.635508 0.245312 0.640527 0.24375 0.643036 0.246875 0.648055 0.25 0.648055 0.251563 0.650565 0.253125 0.650565 0.25625 0.655583 0.257812 0.655583 0.259375 0.658093 0.271875 0.658093 0.276563 0.665621 0.278125 0.665621 0.279687 0.668131 0.289062 0.668131 0.290625 0.67064 0.292188 0.67064 0.296875 0.678168 0.315625 0.678168 0.31875 0.673149 0.31875 0.67064 0.320312 0.668131 0.320312 0.665621 0.321875 0.663112 0.321875 0.660602 0.323438 0.658093 0.323438 0.650565 0.326562 0.645546 0.326562 0.643036 0.328125 0.640527 0.328125 0.632999 0.329688 0.630489 0.329688 0.625471 0.328125 0.622961 0.326562 0.622961 0.325 0.620452 0.321875 0.620452 0.320312 0.617942 0.304688 0.617942 0.303125 0.615433 0.298438 0.615433 0.296875 0.612923 0.29375 0.612923 0.292188 0.610414 0.28125 0.610414 0.279687 0.607905 0.276563 0.607905 0.273438 0.602886 0.270312 0.602886 0.26875 0.600376 0.264062 0.600376 0.2625 0.597867 0.259375 0.597867 0.257812 0.595358 0.254687 0.595358 0.253125 0.592848
NEXT
20 0.159375 0.693225 0.159375 0.695734 0.157813 0.698243 0.157813 0.7133 0.159375 0.715809 0.159375 0.733375 0.157813 0.735885 0.157813 0.75596 0.159375 0.758469 0.1625 0.758469 0.164062 0.760979 0.165625 0.760979 0.16875 0.765997 0.170312 0.765997 0.171875 0.768507 0.175 0.768507 0.176563 0.771016 0.179688 0.771016 0.182812 0.776035 0.184375 0.776035 0.185937 0.778545 0.189063 0.778545 0.19375 0.786073 0.195312 0.786073 0.196875 0.788582 0.201562 0.788582 0.203125 0.791092 0.204688 0.791092 0.209375 0.79862 0.214062 0.79862 0.21875 0.806148 0.220313 0.806148 0.221875 0.808657 0.228125 0.808657 0.229687 0.811167 0.23125 0.811167 0.234375 0.816186 0.239063 0.816186 0.240625 0.818695 0.24375 0.818695 0.245312 0.821205 0.246875 0.821205 0.248437 0.823714 0.25 0.823714 0.251563 0.826223 0.253125 0.826223 0.254687 0.828733 0.259375 0.828733 0.260938 0.831242 0.264062 0.831242 0.265625 0.833752 0.267188 0.833752 0.26875 0.836261 0.271875 0.836261 0.273438 0.83877 0.28125 0.83877 0.282813 0.84128 0.301562 0.84128 0.303125 0.83877 0.30625 0.83877 0.307813 0.836261 0.309375 0.836261 0.310937 0.833752 0.310937 0.828733 0.3125 0.826223 0.3125 0.821205 0.314063 0.818695 0.314063 0.816186 0.320312 0.806148 0.320312 0.803639 0.323438 0.79862 0.323438 0.79611 0.326562 0.791092 0.328125 0.791092 0.33125 0.79611 0.33125 0.79862 0.332812 0.801129 0.332812 0.803639 0.334375 0.803639 0.334375 0.788582 0.335938 0.786073 0.334375 0.783563 0.334375 0.781054 0.31875 0.781054 0.317187 0.778545 0.3125 0.778545 0.310937 0.776035 0.307813 0.776035 0.30625 0.773526 0.3 0.773526 0.298438 0.771016 0.285937 0.771016 0.284375 0.768507 0.28125 0.768507 0.279687 0.765997 0.278125 0.765997 0.276563 0.763488 0.25625 0.763488 0.254687 0.760979 0.242188 0.760979 0.240625 0.758469 0.2375 0.758469 0.235938 0.75596 0.234375 0.75596 0.232812 0.75345 0.23125 0.75345 0.229687 0.750941 0.221875 0.750941 0.220313 0.748432 0.217187 0.748432 0.215625 0.745922 0.214062 0.745922 0.2125 0.743413 0.209375 0.743413 0.207813 0.740903 0.204688 0.740903 0.203125 0.738394 0.2 0.738394 0.198437 0.735885 0.196875 0.735885 0.195312 0.733375 0.19375 0.733375 0.192188 0.730866 0.189063 0.730866 0.1875 0.728356 0.184375 0.728356 0.179688 0.720828 0.179688 0.718319 0.16875 0.700753 0.16875 0.698243 0.167187 0.695734 0.167187 0.693225
NEXT
63 0.226562 0.600376 0.225 0.602886 0.225 0.645546 0.226562 0.648055 0.234375 0.648055 0.242188 0.635508 0.242188 0.632999 0.246875 0.625471 0.246875 0.622961 0.248437 0.620452 0.248437 0.605395 0.245312 0.600376
NEXT
25 0.176563 0.650565 0.175 0.653074 0.175 0.705772 0.176563 0.708281 0.176563 0.7133 0.18125 0.720828 0.182812 0.720828 0.185937 0.725847 0.189063 0.725847 0.190625 0.728356 0.195312 0.728356 0.196875 0.730866 0.198437 0.730866 0.201562 0.735885 0.204688 0.735885 0.20625 0.738394 0.210938 0.738394 0.2125 0.740903 0.215625 0.740903 0.21875 0.745922 0.220313 0.745922 0.221875 0.748432 0.235938 0.748432 0.2375 0.750941 0.240625 0.750941 0.24375 0.75596 0.245312 0.75596 0.246875 0.758469 0.254687 0.758469 0.25625 0.760979 0.264062 0.760979 0.267188 0.75596 0.267188 0.740903 0.26875 0.738394 0.26875 0.730866 0.270312 0.728356 0.270312 0.71079 0.26875 0.708281 0.26875 0.705772 0.265625 0.700753 0.264062 0.700753 0.259375 0.693225 0.257812 0.693225 0.25625 0.690715 0.25 0.690715 0.248437 0.688206 0.246875 0.688206 0.24375 0.683187 0.242188 0.683187 0.240625 0.680678 0.228125 0.680678 0.226562 0.678168 0.225 0.678168 0.223438 0.675659 0.223438 0.673149 0.221875 0.673149 0.220313 0.67064 0.2125 0.67064 0.210938 0.668131 0.207813 0.668131 0.203125 0.660602 0.198437 0.660602 0.196875 0.658093 0.195312 0.658093 0.19375 0.655583 0.19375 0.653074 0.192188 0.653074 0.190625 0.650565
NEXT
19 0.45 0.259097 0.448438 0.261606 0.44375 0.261606 0.442187 0.264115 0.440625 0.264115 0.439063 0.266625 0.4375 0.266625 0.435937 0.269134 0.432813 0.269134 0.428125 0.276662 0.426562 0.276662 0.425 0.279172 0.423438 0.279172 0.421875 0.281681 0.420312 0.281681 0.420312 0.284191 0.41875 0.2867 0.417188 0.2867 0.414062 0.291719 0.4125 0.291719 0.407813 0.299247 0.40625 0.299247 0.404687 0.301757 0.403125 0.301757 0.4 0.306775 0.398438 0.306775 0.395312 0.311794 0.39375 0.311794 0.39375 0.314304 0.390625 0.319322 0.389062 0.319322 0.382812 0.32936 0.38125 0.32936 0.378125 0.334379 0.376563 0.334379 0.373437 0.339398 0.370313 0.339398 0.364062 0.349435 0.3625 0.349435 0.360938 0.351945 0.359375 0.351945 0.353125 0.361982 0.351562 0.361982 0.351562 0.364492 0.35 0.367001 0.348437 0.367001 0.345313 0.37202 0.34375 0.37202 0.342187 0.374529 0.342187 0.377039 0.339063 0.382058 0.3375 0.382058 0.335938 0.384567 0.335938 0.387077 0.334375 0.389586 0.334375 0.399624 0.346875 0.399624 0.348437 0.402133 0.360938 0.402133 0.3625 0.404642 0.367188 0.404642 0.36875 0.407152 0.376563 0.407152 0.378125 0.409661 0.4125 0.409661 0.414062 0.407152 0.421875 0.407152 0.423438 0.404642 0.429688 0.404642 0.43125 0.407152 0.446875 0.407152 0.448438 0.409661 0.45 0.409661 0.451562 0.412171 0.453125 0.412171 0.454688 0.41468 0.45625 0.41468 0.457812 0.417189 0.464063 0.417189 0.465625 0.419699 0.46875 0.419699 0.471875 0.424718 0.475 0.424718 0.476562 0.427227 0.48125 0.427227 0.482812 0.429737 0.4875 0.429737 0.489062 0.432246 0.495313 0.432246 0.496875 0.434755 0.507812 0.434755 0.509375 0.437265 0.553125 0.437265 0.554688 0.434755 0.55625 0.434755 0.560938 0.427227 0.5625 0.427227 0.573438 0.409661 0.573438 0.407152 0.575 0.404642 0.575 0.402133 0.578125 0.397114 0.578125 0.394605 0.579687 0.392095 0.579687 0.382058 0.58125 0.379548 0.58125 0.377039 0.582812 0.374529 0.582812 0.37202 0.584375 0.369511 0.584375 0.367001 0.585938 0.364492 0.585938 0.361982 0.5875 0.359473 0.5875 0.356964 0.590625 0.351945 0.590625 0.349435 0.592188 0.346926 0.592188 0.341907 0.598437 0.33187 0.598437 0.32936 0.603125 0.321832 0.603125 0.316813 0.604688 0.314304 0.604688 0.309285 0.60625 0.306775 0.60625 0.304266 0.609375 0.299247 0.609375 0.296738 0.610937 0.294228 0.610937 0.284191 0.609375 0.281681 0.609375 0.276662 0.607813 0.274153 0.60625 0.274153 0.604688 0.271644 0.598437 0.271644 0.596875 0.269134 0.5875 0.269134 0.585938 0.266625 0.575 0.266625 0.573438 0.264115 0.567187 0.264115 0.565625 0.261606 0.53125 0.261606 0.529688 0.264115 0.521875 0.264115 0.520312 0.261606 0.509375 0.261606 0.507812 0.259097
NEXT
17 0.4625 0.239021 0.460938 0.241531 0.457812 0.241531 0.454688 0.24655 0.453125 0.24655 0.451562 0.249059 0.445312 0.249059 0.44375 0.251568 0.442187 0.251568 0.4375 0.259097 0.435937 0.259097 0.434375 0.261606 0.432813 0.261606 0.43125 0.264115 0.432813 0.264115 0.434375 0.266625 0.448438 0.266625 0.45 0.264115 0.473437 0.264115 0.475 0.266625 0.479688 0.266625 0.48125 0.264115 0.504687 0.264115 0.50625 0.266625 0.560938 0.266625 0.5625 0.269134 0.58125 0.269134 0.582812 0.271644 0.603125 0.271644 0.604688 0.274153 0.607813 0.274153 0.6125 0.281681 0.6125 0.299247 0.607813 0.306775 0.607813 0.309285 0.60625 0.311794 0.60625 0.316813 0.604688 0.319322 0.604688 0.321832 0.6 0.32936 0.6 0.33187 0.595312 0.339398 0.595312 0.341907 0.59375 0.344417 0.59375 0.346926 0.592188 0.349435 0.592188 0.351945 0.589063 0.356964 0.589063 0.359473 0.5875 0.361982 0.5875 0.364492 0.582812 0.37202 0.582812 0.374529 0.58125 0.377039 0.58125 0.387077 0.579687 0.389586 0.579687 0.394605 0.578125 0.397114 0.578125 0.399624 0.576563 0.402133 0.576563 0.404642 0.575 0.407152 0.575 0.409661 0.573438 0.412171 0.575 0.41468 0.576563 0.41468 0.578125 0.417189 0.582812 0.417189 0.585938 0.412171 0.585938 0.409661 0.5875 0.407152 0.5875 0.404642 0.592188 0.397114 0.592188 0.394605 0.59375 0.392095 0.59375 0.389586 0.598437 0.382058 0.598437 0.377039 0.6 0.374529 0.6 0.37202 0.601562 0.369511 0.603125 0.369511 0.604688 0.367001 0.604688 0.364492 0.609375 0.356964 0.609375 0.351945 0.610937 0.349435 0.610937 0.341907 0.6125 0.339398 0.6125 0.334379 0.615625 0.32936 0.615625 0.326851 0.617188 0.324341 0.617188 0.319322 0.620313 0.314304 0.620313 0.311794 0.623438 0.306775 0.623438 0.304266 0.625 0.301757 0.625 0.299247 0.629687 0.291719 0.629687 0.28921 0.632812 0.284191 0.634375 0.284191 0.639063 0.276662 0.640625 0.276662 0.645312 0.269134 0.646875 0.269134 0.648438 0.266625 0.653125 0.266625 0.654688 0.264115 0.659375 0.264115 0.660937 0.261606 0.6625 0.261606 0.664062 0.259097 0.667188 0.259097 0.66875 0.256587 0.678125 0.256587 0.679688 0.254078 0.682813 0.254078 0.685938 0.249059 0.690625 0.249059 0.692187 0.24655 0.725 0.24655 0.726562 0.249059 0.729688 0.249059 0.732813 0.254078 0.735937 0.254078 0.7375 0.256587 0.746875 0.256587 0.746875 0.254078 0.745313 0.251568 0.742188 0.251568 0.740625 0.249059 0.739062 0.249059 0.735937 0.24404 0.735937 0.241531 0.734375 0.241531 0.732813 0.239021
NEXT
1 0.173438 0.607905 0.171875 0.610414 0.164062 0.610414 0.1625 0.612923 0.1625 0.668131 0.164062 0.67064 0.164062 0.683187 0.165625 0.683187 0.165625 0.673149 0.167187 0.67064 0.167187 0.663112 0.176563 0.648055 0.190625 0.648055 0.192188 0.650565 0.19375 0.650565 0.196875 0.655583 0.198437 0.655583 0.2 0.658093 0.20625 0.658093 0.207813 0.660602 0.209375 0.660602 0.214062 0.668131 0.220313 0.668131 0.221875 0.67064 0.223438 0.67064 0.226562 0.675659 0.228125 0.675659 0.229687 0.678168 0.242188 0.678168 0.24375 0.680678 0.246875 0.680678 0.25 0.685696 0.251563 0.685696 0.253125 0.688206 0.259375 0.688206 0.2625 0.693225 0.2625 0.695734 0.264062 0.698243 0.265625 0.698243 0.270312 0.705772 0.270312 0.71079 0.271875 0.7133 0.271875 0.715809 0.273438 0.718319 0.273438 0.750941 0.275 0.75345 0.275 0.75596 0.276563 0.75596 0.278125 0.758469 0.28125 0.758469 0.282813 0.760979 0.284375 0.760979 0.2875 0.765997 0.289062 0.765997 0.290625 0.768507 0.314063 0.768507 0.315625 0.771016 0.317187 0.768507 0.321875 0.768507 0.323438 0.771016 0.329688 0.771016 0.33125 0.768507 0.345313 0.768507 0.346875 0.771016 0.38125 0.771016 0.382812 0.768507 0.409375 0.768507 0.410937 0.765997 0.414062 0.765997 0.415625 0.763488 0.41875 0.763488 0.420312 0.760979 0.426562 0.760979 0.428125 0.763488 0.429688 0.763488 0.43125 0.765997 0.434375 0.765997 0.435937 0.768507 0.440625 0.768507 0.442187 0.771016 0.44375 0.771016 0.454688 0.788582 0.454688 0.791092 0.45625 0.793601 0.45625 0.803639 0.451562 0.811167 0.446875 0.811167 0.445312 0.813676 0.442187 0.813676 0.439063 0.818695 0.4375 0.818695 0.435937 0.821205 0.434375 0.821205 0.428125 0.831242 0.426562 0.831242 0.425 0.833752 0.423438 0.833752 0.420312 0.83877 0.41875 0.83877 0.417188 0.84128 0.409375 0.84128 0.407813 0.843789 0.40625 0.843789 0.403125 0.848808 0.401563 0.848808 0.4 0.851317 0.39375 0.851317 0.392188 0.853827 0.389062 0.853827 0.3875 0.856336 0.385938 0.856336 0.384375 0.858846 0.378125 0.858846 0.376563 0.861355 0.364062 0.861355 0.3625 0.863864 0.357812 0.863864 0.35625 0.866374 0.35625 0.873902 0.354688 0.876412 0.353125 0.876412 0.351562 0.878921 0.345313 0.878921 0.34375 0.88143 0.334375 0.88143 0.332812 0.878921 0.326562 0.878921 0.325 0.876412 0.323438 0.876412 0.321875 0.873902 0.31875 0.873902 0.317187 0.871393 0.309375 0.871393 0.307813 0.868883 0.304688 0.868883 0.301562 0.863864 0.301562 0.856336 0.3 0.853827 0.296875 0.853827 0.295312 0.851317 0.29375 0.851317 0.289062 0.843789 0.285937 0.843789 0.284375 0.84128 0.275 0.84128 0.273438 0.83877 0.271875 0.83877 0.270312 0.836261 0.26875 0.836261 0.267188 0.833752 0.264062 0.833752 0.2625 0.831242 0.25625 0.831242 0.253125 0.826223 0.251563 0.826223 0.25 0.823714 0.248437 0.823714 0.246875 0.821205 0.24375 0.821205 0.242188 0.818695 0.240625 0.818695 0.239063 0.816186 0.235938 0.816186 0.234375 0.813676 0.23125 0.813676 0.229687 0.811167 0.223438 0.811167 0.221875 0.808657 0.220313 0.808657 0.217187 0.803639 0.215625 0.803639 0.214062 0.801129 0.210938 0.801129 0.209375 0.79862 0.207813 0.79862 0.204688 0.793601 0.203125 0.793601 0.201562 0.791092 0.198437 0.791092 0.196875 0.788582 0.195312 0.788582 0.190625 0.781054 0.1875 0.781054 0.185937 0.778545 0.184375 0.778545 0.182812 0.776035 0.18125 0.776035 0.179688 0.773526 0.178125 0.773526 0.176563 0.771016 0.173438 0.771016 0.171875 0.768507 0.16875 0.768507 0.167187 0.765997 0.165625 0.765997 0.165625 0.776035 0.170312 0.783563 0.170312 0.786073 0.171875 0.786073 0.173438 0.788582 0.178125 0.788582 0.182812 0.79611 0.185937 0.79611 0.1875 0.79862 0.190625 0.79862 0.195312 0.806148 0.196875 0.806148 0.198437 0.808657 0.204688 0.808657 0.20625 0.811167 0.207813 0.811167 0.209375 0.813676 0.210938 0.813676 0.2125 0.816186 0.215625 0.816186 0.217187 0.818695 0.220313 0.818695 0.221875 0.821205 0.223438 0.821205 0.226562 0.826223 0.228125 0.826223 0.229687 0.828733 0.23125 0.828733 0.232812 0.831242 0.234375 0.831242 0.239063 0.83877 0.240625 0.83877 0.245312 0.846299 0.246875 0.846299 0.248437 0.848808 0.253125 0.848808 0.260938 0.861355 0.264062 0.861355 0.265625 0.863864 0.267188 0.863864 0.26875 0.866374 0.279687 0.866374 0.28125 0.868883 0.285937 0.868883 0.2875 0.871393 0.290625 0.871393 0.292188 0.873902 0.292188 0.878921 0.29375 0.88143 0.29375 0.88394 0.295312 0.886449 0.3 0.886449 0.301562 0.888959 0.303125 0.888959 0.304688 0.891468 0.30625 0.891468 0.307813 0.893977 0.310937 0.893977 0.3125 0.896487 0.340625 0.896487 0.342187 0.898996 0.376563 0.898996 0.378125 0.896487 0.3875 0.896487 0.389062 0.893977 0.392188 0.893977 0.39375 0.891468 0.4 0.891468 0.401563 0.893977 0.403125 0.891468 0.404687 0.891468 0.40625 0.888959 0.407813 0.888959 0.409375 0.886449 0.414062 0.886449 0.415625 0.888959 0.435937 0.888959 0.4375 0.886449 0.440625 0.886449 0.442187 0.88394 0.44375 0.88394 0.44375 0.878921 0.448438 0.871393 0.451562 0.871393 0.454688 0.866374 0.45625 0.866374 0.459375 0.861355 0.460938 0.861355 0.4625 0.858846 0.465625 0.858846 0.467187 0.856336 0.473437 0.856336 0.475 0.853827 0.484375 0.853827 0.485938 0.851317 0.4875 0.851317 0.4875 0.843789 0.489062 0.84128 0.489062 0.833752 0.490625 0.831242 0.490625 0.826223 0.492188 0.823714 0.492188 0.801129 0.49375 0.79862 0.49375 0.79611 0.495313 0.793601 0.495313 0.791092 0.496875 0.788582 0.496875 0.786073 0.498437 0.783563 0.498437 0.738394 0.5 0.735885 0.5 0.725847 0.501562 0.723338 0.501562 0.718319 0.503125 0.715809 0.503125 0.705772 0.504687 0.703262 0.504687 0.693225 0.50625 0.690715 0.50625 0.688206 0.507812 0.685696 0.507812 0.678168 0.509375 0.675659 0.509375 0.655583 0.507812 0.653074 0.495313 0.653074 0.49375 0.655583 0.492188 0.655583 0.490625 0.658093 0.489062 0.658093 0.4875 0.660602 0.46875 0.660602 0.467187 0.663112 0.465625 0.663112 0.4625 0.668131 0.460938 0.668131 0.459375 0.67064 0.454688 0.67064 0.453125 0.673149 0.451562 0.673149 0.446875 0.680678 0.425 0.680678 0.423438 0.683187 0.41875 0.683187 0.415625 0.688206 0.4125 0.688206 0.410937 0.690715 0.390625 0.690715 0.389062 0.693225 0.385938 0.693225 0.382812 0.698243 0.379687 0.698243 0.378125 0.700753 0.329688 0.700753 0.328125 0.698243 0.326562 0.698243 0.321875 0.690715 0.31875 0.690715 0.317187 0.688206 0.315625 0.688206 0.3125 0.683187 0.310937 0.683187 0.309375 0.680678 0.296875 0.680678 0.290625 0.67064 0.276563 0.67064 0.273438 0.665621 0.271875 0.665621 0.270312 0.663112 0.26875 0.663112 0.267188 0.660602 0.254687 0.660602 0.253125 0.658093 0.25 0.658093 0.246875 0.653074 0.23125 0.653074 0.229687 0.650565 0.225 0.650565 0.223438 0.648055 0.221875 0.648055 0.217187 0.640527 0.214062 0.640527 0.210938 0.635508 0.210938 0.632999 0.209375 0.630489 0.203125 0.630489 0.201562 0.62798 0.2 0.62798 0.196875 0.622961 0.195312 0.622961 0.19375 0.620452 0.185937 0.620452 0.184375 0.617942 0.182812 0.617942 0.179688 0.612923 0.179688 0.610414 0.178125 0.607905
NEXT
8 0.314063 0.392095 0.310937 0.397114 0.309375 0.397114 0.307813 0.399624 0.304688 0.399624 0.303125 0.402133 0.301562 0.402133 0.298438 0.407152 0.296875 0.407152 0.295312 0.409661 0.292188 0.409661 0.290625 0.412171 0.289062 0.412171 0.284375 0.419699 0.28125 0.419699 0.279687 0.422208 0.278125 0.422208 0.273438 0.429737 0.271875 0.429737 0.270312 0.432246 0.267188 0.432246 0.265625 0.434755 0.264062 0.434755 0.260938 0.439774 0.257812 0.439774 0.253125 0.447302 0.251563 0.447302 0.248437 0.452321 0.246875 0.452321 0.245312 0.454831 0.24375 0.454831 0.242188 0.45734 0.239063 0.45734 0.2375 0.459849 0.235938 0.459849 0.234375 0.462359 0.232812 0.462359 0.228125 0.469887 0.226562 0.469887 0.221875 0.477415 0.220313 0.477415 0.21875 0.479925 0.215625 0.479925 0.214062 0.482434 0.2125 0.482434 0.209375 0.487453 0.207813 0.487453 0.20625 0.489962 0.204688 0.489962 0.203125 0.492472 0.201562 0.492472 0.196875 0.5 0.195312 0.5 0.19375 0.502509 0.19375 0.505019 0.192188 0.507528 0.190625 0.507528 0.1875 0.512547 0.1875 0.565245 0.189063 0.567754 0.189063 0.570264 0.198437 0.570264 0.201562 0.575282 0.203125 0.575282 0.204688 0.577792 0.215625 0.577792 0.217187 0.580301 0.21875 0.580301 0.220313 0.582811 0.228125 0.582811 0.229687 0.580301 0.242188 0.580301 0.245312 0.58532 0.246875 0.58532 0.253125 0.595358 0.25625 0.595358 0.257812 0.597867 0.265625 0.597867 0.267188 0.600376 0.26875 0.600376 0.271875 0.605395 0.275 0.605395 0.276563 0.607905 0.2875 0.607905 0.289062 0.610414 0.29375 0.610414 0.295312 0.612923 0.298438 0.612923 0.3 0.615433 0.323438 0.615433 0.325 0.617942 0.334375 0.617942 0.335938 0.615433 0.340625 0.615433 0.342187 0.612923 0.34375 0.612923 0.345313 0.610414 0.35 0.610414 0.351562 0.607905 0.371875 0.607905 0.373437 0.605395 0.376563 0.605395 0.379687 0.600376 0.38125 0.600376 0.382812 0.597867 0.395312 0.597867 0.396875 0.595358 0.398438 0.595358 0.4 0.592848 0.401563 0.592848 0.403125 0.590339 0.404687 0.590339 0.40625 0.587829 0.421875 0.587829 0.423438 0.58532 0.425 0.58532 0.426562 0.582811 0.428125 0.582811 0.43125 0.577792 0.434375 0.577792 0.435937 0.575282 0.4375 0.575282 0.442187 0.567754 0.44375 0.567754 0.451562 0.555207 0.453125 0.555207 0.453125 0.552698 0.454688 0.550188 0.45625 0.550188 0.464063 0.537641 0.465625 0.537641 0.471875 0.527604 0.476562 0.527604 0.482812 0.517566 0.484375 0.517566 0.485938 0.515056 0.4875 0.515056 0.490625 0.510038 0.492188 0.510038 0.49375 0.507528 0.495313 0.507528 0.496875 0.505019 0.498437 0.505019 0.498437 0.502509 0.5 0.5 0.501562 0.5 0.507812 0.489962 0.509375 0.489962 0.510938 0.487453 0.514063 0.487453 0.526563 0.467378 0.529688 0.467378 0.53125 0.464868 0.532812 0.464868 0.540625 0.452321 0.540625 0.449812 0.542188 0.447302 0.542188 0.442284 0.540625 0.442284 0.539062 0.439774 0.503125 0.439774 0.501562 0.437265 0.485938 0.437265 0.484375 0.434755 0.467187 0.434755 0.465625 0.432246 0.454688 0.432246 0.453125 0.429737 0.426562 0.429737 0.425 0.427227 0.407813 0.427227 0.40625 0.424718 0.4 0.424718 0.398438 0.422208 0.392188 0.422208 0.390625 0.419699 0.371875 0.419699 0.370313 0.417189 0.367188 0.417189 0.365625 0.41468 0.364062 0.41468 0.3625 0.412171 0.357812 0.412171 0.35625 0.409661 0.345313 0.409661 0.34375 0.407152 0.342187 0.407152 0.340625 0.404642 0.3375 0.404642 0.335938 0.402133 0.326562 0.402133 0.325 0.399624 0.320312 0.399624 0.315625 0.392095
NEXT
